vec = [33 17 22 7 4;1 2 3 4 5];
save f21points.dat vec -ascii